image: 11.pgm
resolution: 0.0050000
origin: [-2.326547, -3.987221, 0.0]
negate: 0
occupied_thresh: 0.65
free_thresh: 0.196
